33333333333333333333333333333333  3F3F
33333333333331111111133333333333  3C173A
33333333333777111117711333333333  3A7214711138
33333333317117111117711113333333  381070117014711336
33333333171171111111111113333333  
33333333117711111111111113333333  
33333331171117111117111711333333  
33333331171117111117111711333333  
33333331171111711171111711333333  
33333331171111711171111711333333  
33333331171111777771111711333333  
33333331171111111111111711333333  
33333331711111111111111171333333  
33333331144444111114444411333333  
33333331144EE4411144EE4411333333  
33333331144EE4412144EE4411333333  
33333331144444124214444411333333  
33333333111111124211111113333333  
33333333111111244421111113333333  
33333333111441444441441113333333  
33333333114441242421444113333333  
33333333314411111111144133333333  
33333333111111111111111113333333  
33333333114200000000024113333333  
33333333111444444444441113333333  
33333333311120000000211133333333  
33333333311111111111111133333333  
33333333331111111111111333333333  
33333333333111222221113333333333  
33333333333312111112133333333333  
33333333333331111111333333333333  
33333333333333333333333333333333  